{
  "asset": {
    "version": "2.0",
    "generator": "GLTFExporter"
  },
  "scenes": [
    {
      "name": "AuxScene",
      "nodes": [
        66
      ]
    }
  ],
  "scene": 0,
  "nodes": [
    {
      "name": "Cube",
      "extras": {
        "transformData": {
          "eulerOrder": "ZYX",
          "parentMatrixWorld": {
            "elements": [
              1,
              0,
              0,
              0,
              0,
              1,
              0,
              0,
              0,
              0,
              1,
              0,
              0,
              -0.967738525941968,
              -0.0463469997048378,
              1
            ]
          }
        }
      },
      "mesh": 0,
      "skin": 0
    },
    {
      "translation": [
        0,
        0.23222577571868896,
        0.07755575701594353
      ],
      "name": "mixamorigHeadTop_End",
      "extras": {
        "transformData": {
          "eulerOrder": "ZYX",
          "translation": [
            0,
            0.23222577571868896,
            0.07755575701594353
          ],
          "parentMatrixWorld": {
            "elements": [
              0.9875914628069888,
              -0.009807653999944531,
              -0.15673835783963272,
              0,
              -0.023129967808006288,
              0.9780799212492653,
              -0.2069412302469776,
              0,
              0.15533224869436477,
              0.20799874545282568,
              0.9657165294468617,
              0,
              0,
              0.07425487041473389,
              0.0247986800968647,
              1
            ]
          }
        }
      }
    },
    {
      "rotation": [
        -0.10463628924859417,
        0.07869550335853809,
        0.003359515984763554,
        0.9913863982551785
      ],
      "translation": [
        0,
        0.07425487041473389,
        0.0247986800968647
      ],
      "name": "mixamorigHead",
      "extras": {
        "transformData": {
          "eulerOrder": "ZYX",
          "translation": [
            0,
            0.07425487041473389,
            0.0247986800968647
          ],
          "parentMatrixWorld": {
            "elements": [
              0.9824602178199766,
              -0.06948245719615442,
              -0.17304365952818904,
              0,
              0.03439479392412169,
              0.9795867798609844,
              -0.19805741177796962,
              0,
              0.18327279697718493,
              0.18863172678861737,
              0.9647948759468776,
              0,
              0,
              0.16611077790762296,
              1.1447308934098288e-9,
              1
            ]
          }
        }
      },
      "children": [
        1
      ]
    },
    {
      "rotation": [
        -0.09756864508144328,
        0.08990506950963621,
        -0.026210104282111676,
        0.990813027699131
      ],
      "translation": [
        0,
        0.16611077790762296,
        1.1447308934098288e-9
      ],
      "name": "mixamorigNeck",
      "extras": {
        "transformData": {
          "eulerOrder": "ZYX",
          "translation": [
            0,
            0.16611077790762296,
            1.1447308934098288e-9
          ],
          "preRotation": [
            4.36955612463634,
            0,
            0
          ],
          "parentMatrixWorld": {
            "elements": [
              0.9989601421701692,
              -0.03873912563634844,
              -0.024039852173929774,
              0,
              0.04054622141234158,
              0.9959780555481222,
              0.07989816497152602,
              0,
              0.020847980161026597,
              -0.08078980741137476,
              0.9965131051399557,
              0,
              0,
              0.14765406868857278,
              -5.175037620652745e-10,
              1
            ]
          }
        }
      },
      "children": [
        2
      ]
    },
    {
      "rotation": [
        7.043501733697375e-9,
        -7.979728401376518e-17,
        -2.7755576418215074e-17,
        1
      ],
      "translation": [
        -0.000002347273776903691,
        0.023000283194129945,
        -3.222461186780379e-11
      ],
      "name": "mixamorigLeftHandIndex4",
      "extras": {
        "transformData": {
          "eulerOrder": "ZYX",
          "translation": [
            -0.000002347273776903691,
            0.023000283194129945,
            -3.222461186780379e-11
          ],
          "preRotation": [
            8.071258446678758e-7,
            -9.144095158788753e-15,
            -3.1805548378395663e-15
          ],
          "parentMatrixWorld": {
            "elements": [
              1,
              3.231054735636601e-23,
              1.0408340855860594e-16,
              0,
              -2.3902858164974375e-24,
              0.9999999999999587,
              -2.8746427460646373e-7,
              0,
              -1.0408340855861092e-16,
              2.8746427460646373e-7,
              0.9999999999999587,
              0,
              0.0000069921482860335615,
              0.02530793414154986,
              -5.785816270531541e-11,
              1
            ]
          }
        }
      }
    },
    {
      "rotation": [
        -1.4373213730323187e-7,
        -5.204170427930421e-17,
        8.675208293215861e-24,
        1
      ],
      "translation": [
        0.0000069921482860335615,
        0.02530793414154986,
        -5.785816270531541e-11
      ],
      "name": "mixamorigLeftHandIndex3",
      "extras": {
        "transformData": {
          "eulerOrder": "ZYX",
          "translation": [
            0.0000069921482860335615,
            0.02530793414154986,
            -5.785816270531541e-11
          ],
          "preRotation": [
            -3.0122165876001676,
            3.975693351829396e-16,
            0
          ],
          "parentMatrixWorld": {
            "elements": [
              0.9978221693158177,
              0.0323409603271476,
              0.05748896114651656,
              0,
              -0.06354288708613796,
              0.7051392226353972,
              0.706215952090541,
              0,
              -0.017698018797202918,
              -0.7083309479131269,
              0.7056585868230445,
              0,
              -0.000004645747282094881,
              0.026888891177164975,
              1.1059156368453671e-10,
              1
            ]
          }
        }
      },
      "children": [
        4
      ]
    },
    {
      "rotation": [
        0.3830875747976486,
        -0.020362137022762735,
        0.025967262427091044,
        0.923122409249927
      ],
      "translation": [
        -0.000004645747282094881,
        0.026888891177164975,
        1.1059156368453671e-10
      ],
      "name": "mixamorigLeftHandIndex2",
      "extras": {
        "transformData": {
          "eulerOrder": "ZYX",
          "translation": [
            -0.000004645747282094881,
            0.026888891177164975,
            1.1059156368453671e-10
          ],
          "preRotation": [
            2.8295997301797517,
            7.951386703658794e-16,
            3.1805546814635176e-15
          ],
          "parentMatrixWorld": {
            "elements": [
              0.9683867823446661,
              0.24245812458040503,
              0.05866086856425612,
              0,
              -0.2480288554507184,
              0.9107589691298904,
              0.330151157378858,
              0,
              0.026621918405080425,
              -0.3342636050780068,
              0.9421035588455859,
              0,
              -0.03466030471607873,
              0.09321725221368493,
              0.0008305096895135644,
              1
            ]
          }
        }
      },
      "children": [
        5
      ]
    },
    {
      "rotation": [
        0.16994429555680124,
        -0.008194936540914181,
        0.12545697207711232,
        0.9774008010683632
      ],
      "translation": [
        -0.03466030471607873,
        0.09321725221368493,
        0.0008305096895135644
      ],
      "scale": [
        1,
        0.9999999999999999,
        1
      ],
      "name": "mixamorigLeftHandIndex1",
      "extras": {
        "transformData": {
          "eulerOrder": "ZYX",
          "translation": [
            -0.03466030471607873,
            0.09321725221368493,
            0.0008305096895135644
          ],
          "preRotation": [
            -0.31593699030714456,
            -4.788957831954741e-7,
            10.886125969788472
          ],
          "parentMatrixWorld": {
            "elements": [
              0.9960196262737103,
              -0.0778849420901191,
              -0.04334558498129276,
              0,
              0.06453225291245257,
              0.9655521449680646,
              -0.2520806269948402,
              0,
              0.061485707898624196,
              0.24828006357274698,
              0.9667349774479973,
              0,
              -5.817705261979e-9,
              0.32140645027811,
              -2.0498039932093093e-9,
              1
            ]
          }
        }
      },
      "children": [
        6
      ]
    },
    {
      "rotation": [
        -7.768951968328108e-9,
        -6.93889405132345e-18,
        -5.390793459804952e-26,
        1
      ],
      "translation": [
        0.0021029945233232983,
        0.03028213957128989,
        -5.079658638162954e-10
      ],
      "name": "mixamorigLeftHandThumb4",
      "extras": {
        "transformData": {
          "eulerOrder": "ZYX",
          "translation": [
            0.0021029945233232983,
            0.03028213957128989,
            -5.079658638162954e-10
          ],
          "preRotation": [
            -8.902563180501084e-7,
            -7.95138687258534e-16,
            0
          ],
          "parentMatrixWorld": {
            "elements": [
              0.9945118158149129,
              0.1045879996954454,
              0.0027565256783065144,
              0,
              -0.10458787067228727,
              0.9945156311581623,
              -0.00019131117731953948,
              0,
              -0.002761416728160205,
              -0.00009803792718926095,
              0.9999961824757909,
              0,
              -0.001101912192526422,
              0.03085126961989751,
              1.819709521955204e-10,
              1
            ]
          }
        }
      }
    },
    {
      "rotation": [
        -0.00002335037243028637,
        -0.0013813822297379375,
        0.05236586555838585,
        0.9986270070075989
      ],
      "translation": [
        -0.001101912192526422,
        0.03085126961989751,
        1.819709521955204e-10
      ],
      "name": "mixamorigLeftHandThumb3",
      "extras": {
        "transformData": {
          "eulerOrder": "ZYX",
          "translation": [
            -0.001101912192526422,
            0.03085126961989751,
            1.819709521955204e-10
          ],
          "preRotation": [
            -9.387404309877613,
            1.5902773407317584e-15,
            -3.1805546814635168e-15
          ],
          "parentMatrixWorld": {
            "elements": [
              0.9782803522743274,
              -0.20221716916158505,
              -0.04556060305911232,
              0,
              0.20480480000384094,
              0.9768401611621111,
              0.06195395965671929,
              0,
              0.031977272401219906,
              -0.06993937173033923,
              0.9970385841535676,
              0,
              -0.0010010797192234744,
              0.02715528093069325,
              4.0102840492828307e-10,
              1
            ]
          }
        }
      },
      "children": [
        8
      ]
    },
    {
      "rotation": [
        0.03317230380395896,
        0.01950144055073926,
        -0.10236951538071423,
        0.9940018951240106
      ],
      "translation": [
        -0.0010010797192234744,
        0.02715528093069325,
        4.0102840492828307e-10
      ],
      "name": "mixamorigLeftHandThumb2",
      "extras": {
        "transformData": {
          "eulerOrder": "ZYX",
          "translation": [
            -0.0010010797192234744,
            0.02715528093069325,
            4.0102840492828307e-10
          ],
          "preRotation": [
            7.890363633984187,
            1.590277340731758e-15,
            0
          ],
          "parentMatrixWorld": {
            "elements": [
              0.8530724070645996,
              0.5090342942366535,
              -0.11468027116346768,
              0,
              -0.4101304219263636,
              0.7899964617129196,
              0.45573966291358187,
              0,
              0.3225841197480703,
              -0.3417450667282183,
              0.8826946256986568,
              0,
              -0.019173159540638918,
              0.023392693520035812,
              0.015457737968917473,
              1
            ]
          }
        }
      },
      "children": [
        9
      ]
    },
    {
      "rotation": [
        0.21235661024148933,
        0.11643606502031842,
        0.24475791964772947,
        0.9388508423812547
      ],
      "translation": [
        -0.019173159540638918,
        0.023392693520035812,
        0.015457737968917473
      ],
      "name": "mixamorigLeftHandThumb1",
      "extras": {
        "transformData": {
          "eulerOrder": "ZYX",
          "translation": [
            -0.019173159540638918,
            0.023392693520035812,
            0.015457737968917473
          ],
          "preRotation": [
            27.08980469497358,
            -0.0000015856686981797396,
            36.96767658831318
          ],
          "parentMatrixWorld": {
            "elements": [
              0.9960196262737103,
              -0.0778849420901191,
              -0.04334558498129276,
              0,
              0.06453225291245257,
              0.9655521449680646,
              -0.2520806269948402,
              0,
              0.061485707898624196,
              0.24828006357274698,
              0.9667349774479973,
              0,
              -5.817705261979e-9,
              0.32140645027811,
              -2.0498039932093093e-9,
              1
            ]
          }
        }
      },
      "children": [
        10
      ]
    },
    {
      "rotation": [
        -1.5330666769067739e-9,
        -1.3877788242935828e-17,
        2.775557637949379e-17,
        1
      ],
      "translation": [
        -0.0000037522308743431765,
        0.026137526762351038,
        -1.186722942136953e-10
      ],
      "name": "mixamorigLeftHandMiddle4",
      "extras": {
        "transformData": {
          "eulerOrder": "ZYX",
          "translation": [
            -0.0000037522308743431765,
            0.026137526762351038,
            -1.186722942136953e-10
          ],
          "preRotation": [
            -1.7567650059780865e-7,
            -1.5902773857169923e-15,
            3.1805547714339846e-15
          ],
          "parentMatrixWorld": {
            "elements": [
              0.9999999999999983,
              5.626163915660503e-8,
              1.1642899939389739e-8,
              0,
              -5.6261635097212334e-8,
              0.9999999999999376,
              -3.4865792064021394e-7,
              0,
              -1.1642919555455134e-8,
              3.486579199851648e-7,
              0.9999999999999392,
              0,
              0.000006080910753714086,
              0.029867452072942724,
              -5.098630129207748e-10,
              1
            ]
          }
        }
      }
    },
    {
      "rotation": [
        -1.743289601563447e-7,
        -5.821454873711218e-9,
        2.813081856345434e-8,
        1
      ],
      "translation": [
        0.000006080910753714086,
        0.029867452072942724,
        -5.098630129207748e-10
      ],
      "name": "mixamorigLeftHandMiddle3",
      "extras": {
        "transformData": {
          "eulerOrder": "ZYX",
          "translation": [
            0.000006080910753714086,
            0.029867452072942724,
            -5.098630129207748e-10
          ],
          "preRotation": [
            -5.117616602908282,
            1.5902773407317584e-15,
            0
          ],
          "parentMatrixWorld": {
            "elements": [
              0.9958735331354966,
              0.06346804547904705,
              0.06486688968015741,
              0,
              -0.09074835030644629,
              0.6901286535604081,
              0.7179743668677827,
              0,
              0.0008019291531089212,
              -0.7208982325998619,
              0.6930404808156926,
              0,
              -0.000002326836416211009,
              0.031318953436959895,
              1.997282894627972e-10,
              1
            ]
          }
        }
      },
      "children": [
        12
      ]
    },
    {
      "rotation": [
        0.39137718340476746,
        -0.01742584007457685,
        0.04194727082834998,
        0.9191086377022798
      ],
      "translation": [
        -0.000002326836416211009,
        0.031318953436959895,
        1.997282894627972e-10
      ],
      "name": "mixamorigLeftHandMiddle2",
      "extras": {
        "transformData": {
          "eulerOrder": "ZYX",
          "translation": [
            -0.000002326836416211009,
            0.031318953436959895,
            1.997282894627972e-10
          ],
          "preRotation": [
            3.0842529892281423,
            7.951386703658792e-16,
            0
          ],
          "parentMatrixWorld": {
            "elements": [
              0.9988297895311983,
              0.040709925313641725,
              -0.02611040883201986,
              0,
              -0.018450113071385988,
              0.8197857616061259,
              0.5723730309790599,
              0,
              0.044706205341882695,
              -0.5712214940331469,
              0.8195775424823877,
              0,
              -0.011521110876435148,
              0.09900650463103955,
              0.0007268554607423316,
              1
            ]
          }
        }
      },
      "children": [
        13
      ]
    },
    {
      "rotation": [
        0.2997776198462307,
        0.018563604125679728,
        0.015507992657525142,
        0.953702385787511
      ],
      "translation": [
        -0.011521110876435148,
        0.09900650463103955,
        0.0007268554607423316
      ],
      "scale": [
        0.9999999999999999,
        1,
        1
      ],
      "name": "mixamorigLeftHandMiddle1",
      "extras": {
        "transformData": {
          "eulerOrder": "ZYX",
          "translation": [
            -0.011521110876435148,
            0.09900650463103955,
            0.0007268554607423316
          ],
          "preRotation": [
            -5.362108888247991,
            6.407184493995899e-7,
            2.9436273698659643
          ],
          "parentMatrixWorld": {
            "elements": [
              0.9960196262737103,
              -0.0778849420901191,
              -0.04334558498129276,
              0,
              0.06453225291245257,
              0.9655521449680646,
              -0.2520806269948402,
              0,
              0.061485707898624196,
              0.24828006357274698,
              0.9667349774479973,
              0,
              -5.817705261979e-9,
              0.32140645027811,
              -2.0498039932093093e-9,
              1
            ]
          }
        }
      },
      "children": [
        14
      ]
    },
    {
      "rotation": [
        -1.0762445381862312e-8,
        -1.387778776062062e-17,
        -1.493589327947567e-25,
        0.9999999999999998
      ],
      "translation": [
        -0.000007876677720175529,
        0.024453387899585732,
        1.1697764978890746e-10
      ],
      "name": "mixamorigLeftHandRing4",
      "extras": {
        "transformData": {
          "eulerOrder": "ZYX",
          "translation": [
            -0.000007876677720175529,
            0.024453387899585732,
            1.1697764978890746e-10
          ],
          "preRotation": [
            -0.0000012332853952415481,
            -1.590277335323743e-15,
            0
          ],
          "parentMatrixWorld": {
            "elements": [
              0.9999999999999766,
              1.3521799884815425e-8,
              2.161530280764774e-7,
              0,
              -1.3521861647573371e-8,
              0.999999999999959,
              2.857362616334123e-7,
              0,
              -2.1615302421280003e-7,
              -2.857362645561969e-7,
              0.9999999999999358,
              0,
              0.0000067311719306184514,
              0.02898688417878259,
              -3.00308167222596e-10,
              1
            ]
          }
        }
      }
    },
    {
      "rotation": [
        1.428681315474023e-7,
        -1.0807651307231936e-7,
        6.760915383097199e-9,
        1
      ],
      "translation": [
        0.0000067311719306184514,
        0.02898688417878259,
        -3.00308167222596e-10
      ],
      "name": "mixamorigLeftHandRing3",
      "extras": {
        "transformData": {
          "eulerOrder": "ZYX",
          "translation": [
            0.0000067311719306184514,
            0.02898688417878259,
            -3.00308167222596e-10
          ],
          "preRotation": [
            -7.522887070901368,
            -1.1927080055488192e-15,
            -3.1805546814635176e-15
          ],
          "parentMatrixWorld": {
            "elements": [
              0.9988946250119564,
              0.046705464139762946,
              -0.005303554673615877,
              0,
              -0.024279155058327416,
              0.6092627104544555,
              0.7925966532662031,
              0,
              0.04024985344495567,
              -0.791591770901278,
              0.6097232159341786,
              0,
              0.000001145483360831534,
              0.03005083213832782,
              -8.419911989854256e-11,
              1
            ]
          }
        }
      },
      "children": [
        16
      ]
    },
    {
      "rotation": [
        0.4415621979470509,
        0.01269714050800876,
        0.019785603780064925,
        0.8969225805180032
      ],
      "translation": [
        0.000001145483360831534,
        0.03005083213832782,
        -8.419911989854256e-11
      ],
      "name": "mixamorigLeftHandRing2",
      "extras": {
        "transformData": {
          "eulerOrder": "ZYX",
          "translation": [
            0.000001145483360831534,
            0.03005083213832782,
            -8.419911989854256e-11
          ],
          "preRotation": [
            2.6186037557130923,
            7.951386703658792e-16,
            -3.1805546814635168e-15
          ],
          "parentMatrixWorld": {
            "elements": [
              0.9923121132208675,
              -0.09442425457820448,
              -0.08000456653968728,
              0,
              0.1216864074798076,
              0.6265506909867034,
              0.7698224972619423,
              0,
              -0.022562995246887103,
              -0.7736396572069617,
              0.6332239880041377,
              0,
              0.013390343233110502,
              0.09991529408582267,
              -0.0006303195726732602,
              1
            ]
          }
        }
      },
      "children": [
        17
      ]
    },
    {
      "rotation": [
        0.4279420037312377,
        0.015926312832056488,
        -0.05991907834022198,
        0.9016771788066003
      ],
      "translation": [
        0.013390343233110502,
        0.09991529408582267,
        -0.0006303195726732602
      ],
      "scale": [
        0.9999999999999999,
        1,
        1
      ],
      "name": "mixamorigLeftHandRing1",
      "extras": {
        "transformData": {
          "eulerOrder": "ZYX",
          "translation": [
            0.013390343233110502,
            0.09991529408582267,
            -0.0006303195726732602
          ],
          "preRotation": [
            -1.0650277956807315,
            -7.146587633276569e-7,
            0.579753953076613
          ],
          "parentMatrixWorld": {
            "elements": [
              0.9960196262737103,
              -0.0778849420901191,
              -0.04334558498129276,
              0,
              0.06453225291245257,
              0.9655521449680646,
              -0.2520806269948402,
              0,
              0.061485707898624196,
              0.24828006357274698,
              0.9667349774479973,
              0,
              -5.817705261979e-9,
              0.32140645027811,
              -2.0498039932093093e-9,
              1
            ]
          }
        }
      },
      "children": [
        18
      ]
    },
    {
      "rotation": [
        4.683160196149731e-9,
        -4.8572258211719756e-17,
        2.2747166629423288e-25,
        1
      ],
      "translation": [
        5.98339502388967e-7,
        0.019540061166430034,
        -8.167910792167277e-13
      ],
      "name": "mixamorigLeftHandPinky4",
      "extras": {
        "transformData": {
          "eulerOrder": "ZYX",
          "translation": [
            5.98339502388967e-7,
            0.019540061166430034,
            -8.167910792167277e-13
          ],
          "preRotation": [
            5.366506280460767e-7,
            -5.5659707939023946e-15,
            0
          ],
          "parentMatrixWorld": {
            "elements": [
              0.9999999999999991,
              1.048379253701971e-8,
              3.993813971917506e-8,
              0,
              -1.0483764042856435e-8,
              0.9999999999997454,
              -7.134573822715394e-7,
              0,
              -3.993814719890407e-8,
              7.134573818528368e-7,
              0.9999999999997446,
              0,
              2.5374456091853403e-8,
              0.02153495446753395,
              2.565164747281301e-11,
              1
            ]
          }
        }
      }
    },
    {
      "rotation": [
        -3.5672869103109406e-7,
        -1.9969071729519783e-8,
        5.241889144969036e-9,
        1
      ],
      "translation": [
        2.5374456091853403e-8,
        0.02153495446753395,
        2.565164747281301e-11
      ],
      "name": "mixamorigLeftHandPinky3",
      "extras": {
        "transformData": {
          "eulerOrder": "ZYX",
          "translation": [
            2.5374456091853403e-8,
            0.02153495446753395,
            2.565164747281301e-11
          ],
          "preRotation": [
            -2.7012385023047005,
            0,
            0
          ],
          "parentMatrixWorld": {
            "elements": [
              0.9964885365431172,
              0.06604644536547088,
              -0.05146322643554532,
              0,
              0.014802359604498633,
              0.4659943954812279,
              0.8846638491897808,
              0,
              0.08241047731150117,
              -0.8823191616233471,
              0.46338042994495265,
              0,
              -6.231109779264443e-7,
              0.0242126443817251,
              -5.16735987332595e-10,
              1
            ]
          }
        }
      },
      "children": [
        20
      ]
    },
    {
      "rotation": [
        0.5165059803905799,
        0.03913255995062823,
        0.014979134826548206,
        0.8552577694632605
      ],
      "translation": [
        -6.231109779264443e-7,
        0.0242126443817251,
        -5.16735987332595e-10
      ],
      "name": "mixamorigLeftHandPinky2",
      "extras": {
        "transformData": {
          "eulerOrder": "ZYX",
          "translation": [
            -6.231109779264443e-7,
            0.0242126443817251,
            -5.16735987332595e-10
          ],
          "preRotation": [
            -6.21131204118979,
            0,
            0
          ],
          "parentMatrixWorld": {
            "elements": [
              0.9634305274459943,
              -0.24720968421531328,
              -0.10338758384575661,
              0,
              0.23718771813278713,
              0.6072439792991274,
              0.7582854040500931,
              0,
              -0.1246740022228363,
              -0.7550775719478209,
              0.6436724864889891,
              0,
              0.0327910713601427,
              0.09430683291415443,
              0.00013621752802292497,
              1
            ]
          }
        }
      },
      "children": [
        21
      ]
    },
    {
      "rotation": [
        0.42205274008643684,
        -0.005936441782414227,
        -0.13509069152227615,
        0.8964300146990964
      ],
      "translation": [
        0.0327910713601427,
        0.09430683291415443,
        0.00013621752802292497
      ],
      "scale": [
        0.9999999999999999,
        0.9999999999999999,
        1
      ],
      "name": "mixamorigLeftHandPinky1",
      "extras": {
        "transformData": {
          "eulerOrder": "ZYX",
          "translation": [
            0.0327910713601427,
            0.09430683291415443,
            0.00013621752802292497
          ],
          "preRotation": [
            4.225463904521602,
            -2.2342539996000864e-7,
            -12.407895191832898
          ],
          "parentMatrixWorld": {
            "elements": [
              0.9960196262737103,
              -0.0778849420901191,
              -0.04334558498129276,
              0,
              0.06453225291245257,
              0.9655521449680646,
              -0.2520806269948402,
              0,
              0.061485707898624196,
              0.24828006357274698,
              0.9667349774479973,
              0,
              -5.817705261979e-9,
              0.32140645027811,
              -2.0498039932093093e-9,
              1
            ]
          }
        }
      },
      "children": [
        22
      ]
    },
    {
      "rotation": [
        -0.12622648677837828,
        0.026445894040270812,
        -0.03592772677968312,
        0.9909978153913404
      ],
      "translation": [
        -5.817705261979e-9,
        0.32140645027811,
        -2.0498039932093093e-9
      ],
      "scale": [
        0.9999999999999999,
        1,
        1
      ],
      "name": "mixamorigLeftHand",
      "extras": {
        "transformData": {
          "eulerOrder": "ZYX",
          "translation": [
            -5.817705261979e-9,
            0.32140645027811,
            -2.0498039932093093e-9
          ],
          "preRotation": [
            27.087683969758576,
            -19.83471756346593,
            1.7490464772247718
          ],
          "parentMatrixWorld": {
            "elements": [
              0.22989318319508867,
              0.9732134813206724,
              0.0021473649318627178,
              0,
              -0.9651815119841533,
              0.2277118226141368,
              0.12873205409884764,
              0,
              0.12479479285786484,
              -0.03166721655311429,
              0.9916770879250759,
              0,
              -4.129935143870611e-10,
              0.29156953407553476,
              -3.3911118357821124e-10,
              1
            ]
          }
        }
      },
      "children": [
        7,
        11,
        15,
        19,
        23
      ]
    },
    {
      "rotation": [
        0.0512451769825119,
        0.03918402574382887,
        0.6192883177720718,
        0.7825091066945692
      ],
      "translation": [
        -4.129935143870611e-10,
        0.29156953407553476,
        -3.3911118357821124e-10
      ],
      "scale": [
        1,
        1,
        0.9999999999999999
      ],
      "name": "mixamorigLeftForeArm",
      "extras": {
        "transformData": {
          "eulerOrder": "ZYX",
          "translation": [
            -4.129935143870611e-10,
            0.29156953407553476,
            -3.3911118357821124e-10
          ],
          "preRotation": [
            4.973174901164931,
            7.48437079868447e-7,
            21.680236096345165
          ],
          "parentMatrixWorld": {
            "elements": [
              0.9671228387717795,
              -0.21799610691034665,
              0.13096224830735043,
              0,
              0.11712527459977322,
              0.8389199940272097,
              0.5315024983503555,
              0,
              -0.225732326350727,
              -0.4986892149171413,
              0.8368715407673203,
              0,
              1.5801791819480826e-10,
              0.1383773544634604,
              1.1863869886497014e-9,
              1
            ]
          }
        }
      },
      "children": [
        24
      ]
    },
    {
      "rotation": [
        0.2698755750235881,
        -0.09344197997702916,
        -0.08779052905685639,
        0.9543209988320122
      ],
      "translation": [
        1.5801791819480826e-10,
        0.1383773544634604,
        1.1863869886497014e-9
      ],
      "scale": [
        1,
        0.9999999999999999,
        1
      ],
      "name": "mixamorigLeftArm",
      "extras": {
        "transformData": {
          "eulerOrder": "ZYX",
          "translation": [
            1.5801791819480826e-10,
            0.1383773544634604,
            1.1863869886497014e-9
          ],
          "preRotation": [
            42.15936697260296,
            1.6006793099583037,
            7.278330229109835e-8
          ],
          "parentMatrixWorld": {
            "elements": [
              -0.02503650614385089,
              0.0386119606894581,
              -0.9989406061896788,
              0,
              0.8212611018228271,
              -0.5689618728654007,
              -0.042575327319961664,
              0,
              -0.570003000725122,
              -0.8214569814392969,
              -0.017465718438429034,
              0,
              0.06250560283660889,
              0.13975613189468694,
              -0.0012044621885872187,
              1
            ]
          }
        }
      },
      "children": [
        25
      ]
    },
    {
      "rotation": [
        0.6247781776678781,
        0.3440713413366766,
        -0.6278002589539969,
        0.3116632758472304
      ],
      "translation": [
        0.06250560283660889,
        0.13975613189468694,
        -0.0012044621885872187
      ],
      "name": "mixamorigLeftShoulder",
      "extras": {
        "transformData": {
          "eulerOrder": "ZYX",
          "translation": [
            0.06250560283660889,
            0.13975613189468694,
            -0.0012044621885872187
          ],
          "preRotation": [
            -66.71137244395312,
            88.95320852848367,
            -178.59294115100167
          ],
          "parentMatrixWorld": {
            "elements": [
              0.9989601421701692,
              -0.03873912563634844,
              -0.024039852173929774,
              0,
              0.04054622141234158,
              0.9959780555481222,
              0.07989816497152602,
              0,
              0.020847980161026597,
              -0.08078980741137476,
              0.9965131051399557,
              0,
              0,
              0.14765406868857278,
              -5.175037620652745e-10,
              1
            ]
          }
        }
      },
      "children": [
        26
      ]
    },
    {
      "rotation": [
        4.5725057235214145e-9,
        7.632783275320587e-17,
        -3.4900945212801913e-25,
        1
      ],
      "translation": [
        -0.0034335435957424387,
        0.02799046503654598,
        3.439822732209663e-10
      ],
      "name": "mixamorigRightHandThumb4",
      "extras": {
        "transformData": {
          "eulerOrder": "ZYX",
          "translation": [
            -0.0034335435957424387,
            0.02799046503654598,
            3.439822732209663e-10
          ],
          "preRotation": [
            5.239705595143798e-7,
            8.746525352278213e-15,
            0
          ],
          "parentMatrixWorld": {
            "elements": [
              0.9841424592358238,
              -0.17726338252493382,
              -0.00642747146225218,
              0,
              0.17726205121687905,
              0.9841633781280187,
              -0.0007807658688034103,
              0,
              0.006464083226848012,
              -0.0003709619607677981,
              0.9999790387874442,
              0,
              0.0016970699402967249,
              0.029563289167626072,
              4.073072296106872e-10,
              1
            ]
          }
        }
      }
    },
    {
      "rotation": [
        -0.00010285956523148343,
        0.0032357419840991497,
        -0.08898483216762543,
        0.9960277080535889
      ],
      "translation": [
        0.0016970699402967249,
        0.029563289167626072,
        4.073072296106872e-10
      ],
      "scale": [
        1,
        0.9999999999999999,
        0.9999999999999999
      ],
      "name": "mixamorigRightHandThumb3",
      "extras": {
        "transformData": {
          "eulerOrder": "ZYX",
          "translation": [
            0.0016970699402967249,
            0.029563289167626072,
            4.073072296106872e-10
          ],
          "preRotation": [
            -11.60621913536874,
            -1.5902773407317588e-15,
            0
          ],
          "parentMatrixWorld": {
            "elements": [
              0.9408698711567313,
              0.3357290300263271,
              -0.04527581768957274,
              0,
              -0.33497338069368293,
              0.9419324350224947,
              0.02358215165131359,
              0,
              0.05056397429517247,
              -0.0070215416713225,
              0.9986961411568916,
              0,
              0.001736474595925408,
              0.027320181554349898,
              4.5146106297799804e-10,
              1
            ]
          }
        }
      },
      "children": [
        28
      ]
    },
    {
      "rotation": [
        0.00776683618574654,
        0.024322945488117406,
        0.17021591801126137,
        0.9850759237976157
      ],
      "translation": [
        0.001736474595925408,
        0.027320181554349898,
        4.5146106297799804e-10
      ],
      "name": "mixamorigRightHandThumb2",
      "extras": {
        "transformData": {
          "eulerOrder": "ZYX",
          "translation": [
            0.001736474595925408,
            0.027320181554349898,
            4.5146106297799804e-10
          ],
          "preRotation": [
            10.506417550707082,
            0,
            0
          ],
          "parentMatrixWorld": {
            "elements": [
              0.8694121969527463,
              -0.4724198267357305,
              -0.144713271829926,
              0,
              0.4823575084195467,
              0.748108473120306,
              0.4557026782709322,
              0,
              -0.10702176324480228,
              -0.4659970002253194,
              0.8782898897672597,
              0,
              0.019811301665002556,
              0.023504500143654794,
              0.01503328702076398,
              1
            ]
          }
        }
      },
      "children": [
        29
      ]
    },
    {
      "rotation": [
        0.24648216673077,
        0.01007951388088771,
        -0.25532783812884924,
        0.9348543250828922
      ],
      "translation": [
        0.019811301665002556,
        0.023504500143654794,
        0.01503328702076398
      ],
      "scale": [
        1,
        0.9999999999999999,
        1
      ],
      "name": "mixamorigRightHandThumb1",
      "extras": {
        "transformData": {
          "eulerOrder": "ZYX",
